327,6
327,4
194,4
154,4
335,5
335,4
67,4
144,6
113,7
4294967279,406
4294967279,501
196,2
168,2
4294967278,132
4294967278,131
4294967278,130
4294967278,129
4294967278,128
4294967278,127
4294967278,126
4294967278,125
4294967278,124
4294967278,123
4294967278,122
4294967278,121
4294967278,120
4294967278,119
4294967278,118
4294967278,117
4294967278,116
4294967278,113
4294967278,111
4294967278,110
4294967278,109
4294967278,108
4294967278,107
4294967278,106
4294967278,105
4294967278,102
4294967278,100
4294967278,98
4294967278,90
4294967278,87
4294967278,83
4294967278,79
4294967278,77
4294967278,58
4294967278,57
4294967278,56
4294967278,55
4294967278,48
4294967278,46
4294967278,45
4294967278,39
4294967278,37
4294967278,36
4294967278,35
4294967278,33
4294967278,29
4294967278,27
4294967278,25
4294967278,24
4294967278,23
4294967278,4
4294967279,125
4294967279,124
4294967279,123
4294967279,121
4294967279,116
4294967279,114
4294967279,113
4294967279,112
4294967279,26
4294967279,20
4294967279,18
4294967279,17
4294967279,16
4294967279,15
4294967279,14
4294967279,11
4294967279,9
4294967279,8
4294967279,7
4294967279,5
175,2
62,4
4294967278,244
178,2
289,6
289,4
176,2
184,2
83,2
4294967278,418
168,4
196,6
175,6
175,4
178,5
178,7
178,4
176,6
176,4
184,4
83,6
83,4
326,2
326,6
326,5
326,4
4294967278,242
4294967278,177
2,4
4294967294,990
4294967279,304
393,0
393,11
4294967279,417
393,10
4294967294,1439
4294967294,389
389,0
389,7
4294967294,416
4294967278,166
4294967294,1429
4294967279,415
4294967279,164
4294967278,162
4294967279,163
4294967278,161
406,4
406,3
406,2
406,1
4294967279,452
405,6
4294967294,504
4294967278,156
405,5
4294967294,107
405,4
405,3
405,2
405,1
4294967294,1450
4294967279,150
4294967279,390
383,0
4294967279,455
4294967278,240
383,9
4294967278,234
4294967278,115
4294967278,114
4294967278,112
4294967278,104
4294967278,103
4294967278,101
4294967278,99
4294967278,97
4294967278,96
4294967278,95
4294967278,94
4294967278,86
4294967278,85
4294967278,84
4294967278,81
4294967278,78
4294967278,260
4294967278,76
4294967278,75
4294967278,70
4294967278,69
4294967278,68
4294967278,67
4294967278,66
4294967278,65
4294967278,64
4294967278,63
4294967278,428
4294967278,60
4294967278,59
4294967278,53
4294967278,50
4294967278,47
4294967278,41
4294967278,38
4294967278,34
4294967278,32
4294967278,31
4294967278,30
4294967278,28
4294967278,26
4294967279,301
4294967279,23
4294967279,21
4294967279,19
4294967279,6
4294967279,24
4294967279,25
4294967294,115
4294967278,304
4294967278,22
4294967278,284
4294967279,22
4294967279,477
3,1
3,8
3,0
4294967279,273
4294967278,273
4294967279,12
4294967279,13
279,0
279,7
4294967279,10
192,0
192,8
4294967279,414
3,6
3,5
3,2
4294967278,236
279,1
279,6
4294967294,503
192,7
279,2
279,4
4294967279,442
4294967294,465
4294967294,463
4294967294,119
4294967294,453
279,3
4294967279,4
192,6
192,4
4294967278,310
37,4
4294967279,416
4294967279,413
4294967279,256
4294967279,303
4294967279,409
4294967279,498
4294967278,246
303,6
303,2
303,4
4294967294,1457
4294967278,232
4294967278,434
324,3
4294967278,411
321,4
404,4
404,3
404,2
404,1
4294967278,230
4294967294,393
4294967294,390
4294967294,499
4294967279,470
4294967294,38
4294967294,37
4294967294,1470
4294967278,300
4294967279,451
4294967279,212
4294967278,209
403,6
4294967279,210
403,5
4294967278,208
403,4
403,3
403,2
403,1
4294967278,207
4294967294,1455
4294967279,407
4294967278,93
4294967294,50
4294967279,411
4294967278,92
4294967278,299
4294967279,449
4294967294,502
4294967294,1454
4294967294,1469
4294967279,487
4294967279,199
4294967278,228
4294967279,457
4294967278,415
401,5
401,4
401,3
401,2
401,1
4294967279,454
96,4
4294967278,401
4294967294,428
4294967279,400
210,1
210,0
210,5
210,2
365,0
365,6
4294967279,172
329,0
329,5
73,3
170,3
212,3
4294967294,116
4294967294,108
4294967279,169
4294967278,168
390,0
390,8
4294967278,167
4294967294,1456
4294967279,160
4294967278,160
400,4
4294967279,161
400,3
400,2
400,1
4294967278,159
4294967278,158
4294967278,157
4294967279,302
192,3
192,1
192,5
192,2
4294967279,144
4294967294,12
4294967294,166
4294967294,24
4294967294,104
4294967294,106
4294967294,184
4294967279,142
4294967294,1445
4294967279,141
383,8
4294967294,415
4294967294,52
4294967294,29
4294967294,1039
4294967279,139
4294967278,364
4294967278,298
4294967278,91
4294967278,89
4294967278,82
4294967278,80
4294967278,74
4294967278,73
4294967278,72
4294967278,71
4294967278,62
4294967278,61
4294967278,54
4294967278,52
4294967278,51
4294967278,49
4294967278,424
4294967278,44
4294967278,297
4294967278,42
4294967278,40
4294967278,88
4294967278,363
4294967278,381
4294967279,174
4294967279,446
4294967279,445
4294967279,473
4294967279,0
4294967279,499
4294967279,138
383,7
4294967294,1031
391,0
391,6
4294967279,295
4294967294,45
4294967294,44
4294967294,43
4294967294,42
4294967294,40
4294967278,226
4294967278,0
70,6
70,2
70,4
4294967278,222
4294967279,284
4294967294,479
4294967279,267
4294967279,291
4294967278,383
4294967278,382
4294967278,362
399,6
399,5
399,4
399,3
399,2
399,1
4294967278,377
4294967278,376
4294967279,405
4294967278,360
4294967278,375
4294967294,89
4294967279,404
4294967279,403
4294967294,976
4294967294,1422
4294967279,402
4294967294,991
4294967294,53
4294967294,91
4294967294,90
4294967294,87
4294967294,86
4294967294,84
4294967294,83
4294967294,500
4294967279,236
4294967294,406
4294967294,459
4294967279,453
383,6
4294967279,399
4294967278,410
4294967278,220
4294967278,218
4294967294,81
4294967278,213
4294967278,391
4294967294,424
4294967278,374
4294967279,488
4294967278,419
4294967294,972
4294967278,372
4294967294,94
4294967294,96
4294967279,201
4294967278,357
4294967294,498
4294967279,195
4294967279,447
4294967294,46
178,3
4294967294,99
4294967294,1
4294967279,489
37,3
4294967279,398
37,0
37,1
37,5
37,2
4294967294,5
210,3
4294967278,371
395,5
395,4
395,3
395,2
395,1
4294967279,397
208,4
4294967279,395
4294967294,1447
4294967294,497
4294967294,118
4294967294,402
4294967294,458
4294967294,1468
4294967279,393
228,1
228,0
228,6
4294967278,2
394,6
394,5
394,4
394,3
394,2
394,1
4294967278,447
4294967294,185
4294967294,1024
4294967294,983
4294967279,391
4294967278,43
4294967279,155
4294967279,154
4294967294,1467
393,9
393,8
393,7
393,6
393,5
393,4
393,3
393,2
393,1
4294967279,389
4294967294,1453
4294967279,388
4294967294,1466
4294967279,386
4294967278,272
4294967294,1465
4294967294,2
4294967279,268
391,5
391,4
4294967278,283
391,3
391,2
391,1
115,3
4294967294,36
4294967294,39
4294967279,420
4294967278,380
4294967294,1464
4294967278,311
390,7
4294967279,384
390,6
390,5
390,4
4294967278,361
390,3
390,2
390,1
4294967279,467
4294967279,471
4294967279,448
4294967294,1463
4294967279,316
389,6
389,5
389,4
389,3
389,2
389,1
4294967294,1428
4294967278,327
4294967278,390
4294967279,472
4294967279,459
4294967294,496
0,5
4294967294,1462
387,7
387,6
387,5
387,4
